1000
77
103
13
80
93
66
27
3
102
100
76
44
73
81
37
15
41
92
102
117
10
58
85
109
113
63
56
36
59
93
89
46
75
102
5
78
79
33
82
60
12
68
104
116
28
20
41
70
22
22
97
63
81
61
83
104
35
18
50
4
111
18
82
96
31
87
84
110
120
76
80
42
23
63
37
83
114
78
63
46
11
39
110
92
11
72
106
77
90
35
81
111
84
73
117
115
40
80
14
70
36
94
113
90
67
60
52
60
49
25
107
91
65
96
93
107
47
78
63
47
23
54
68
107
7
64
12
47
23
26
117
90
31
19
91
98
111
22
69
70
79
55
40
23
61
12
9
18
90
72
65
23
36
43
9
43
107
52
90
40
110
118
10
20
47
101
28
68
33
97
17
112
62
88
45
2
100
85
20
100
67
116
2
104
38
43
26
55
95
27
96
115
55
16
14
12
27
43
81
91
50
8
114
113
97
69
115
107
34
46
118
101
72
30
115
21
73
52
76
79
110
82
73
44
8
119
87
35
72
47
37
1
87
30
114
94
99
19
80
43
65
77
55
47
108
49
68
91
11
55
80
0
47
64
75
56
62
42
1
13
120
38
14
86
99
8
90
109
58
50
62
2
37
117
80
55
77
28
57
88
114
16
89
40
80
43
6
21
116
8
65
116
77
80
112
87
119
82
106
56
11
47
89
79
75
48
14
31
107
71
29
10
118
118
82
78
72
88
9
67
6
75
93
115
65
85
81
63
46
97
29
88
23
28
77
8
107
1
39
4
103
100
14
101
97
96
89
79
64
98
57
101
52
29
95
27
114
86
90
39
62
29
37
117
57
115
4
44
116
75
48
99
54
93
110
61
69
78
51
43
55
108
23
18
16
29
45
10
115
46
80
57
75
28
84
43
22
119
118
48
73
76
57
37
48
46
9
27
3
60
101
90
47
35
108
94
64
63
104
89
109
95
56
95
2
19
48
24
18
45
103
1
31
40
70
110
86
110
17
0
49
28
90
6
63
77
100
37
19
115
6
39
89
62
44
91
113
92
25
10
47
38
42
78
78
22
98
75
11
25
75
60
54
44
97
27
0
108
65
50
102
71
120
101
43
43
102
35
14
37
76
92
75
119
49
33
20
58
108
32
83
93
2
16
16
10
44
47
118
109
7
9
90
7
110
12
81
1
79
6
38
34
98
113
63
58
56
84
116
74
26
78
46
59
95
62
100
49
19
97
68
27
16
37
65
36
80
25
37
38
31
75
73
40
68
46
98
34
9
3
109
66
81
34
36
86
7
15
14
26
23
113
84
39
60
28
76
20
85
23
89
26
99
72
66
77
119
43
111
38
46
99
105
38
44
51
3
51
66
49
108
120
72
72
70
12
10
56
32
95
79
0
1
88
73
98
44
71
52
66
109
98
75
3
46
119
85
81
80
62
40
99
61
112
50
10
3
91
97
66
97
56
67
8
23
50
106
99
31
37
44
50
46
119
85
92
28
49
83
18
111
2
117
83
115
77
3
118
48
101
64
55
36
41
63
90
1
79
68
63
27
22
113
73
52
108
75
80
37
38
98
58
40
95
20
34
51
24
63
9
4
37
64
40
78
37
9
110
117
109
52
23
10
44
6
62
32
81
52
100
29
30
37
101
35
89
14
117
113
108
6
27
24
101
98
12
18
17
1
45
5
84
99
47
8
105
109
71
96
41
81
36
102
28
16
47
117
61
43
19
49
80
46
104
92
23
27
20
41
59
65
77
23
74
3
62
89
23
43
64
64
3
10
76
31
26
33
59
88
107
78
47
67
4
61
69
58
119
89
9
58
64
118
81
17
0
53
106
23
96
80
118
99
91
104
40
27
16
99
25
3
88
103
101
2
75
49
60
73
48
101
10
112
98
1
39
8
54
24
63
29
14
91
38
15
106
110
74
1
119
99
35
86
113
46
88
67
5
59
19
53
70
30
75
78
62
114
86
117
48
59
56
94
30
5
109
15
115
62
47
23
72
114
110
64
39
108
10
45
46
29
8
26
90
84
104
63
108
70
59
36
39
25
9
69
61
28
115
86
1
73
110
73
66
99
47
105
86
88
60
43
117
69
69
118
63
53
60
50
33
29
117
72
85
5
52
26
65
46
112
66
119
101
49
64
110
96
80
76
63
50
29
90
119
98
118
92
61
88
22
94
27
18
46
113
55
8
18
120
54
40
96
84
21
55
58
10
30
17
117
3
68
25
3
97
34
32
100
95
120
1
69
27
50
25
50
105
33
68
14
